((("each" .
   [1 0 0 0])
  ("javascript" .
   [1 0 0 0 0 0 0 0 0 0])
  (".innerHTML" .
   [0 0 0 0 0 0 2 0 0 0])
  ("document.getElementById" .
   [0 0 0 0 0 0 0 0 0 0 0 0 1 0 0 0 0 0 0 0 0 0 0])
  ("document" .
   [1 0 0 0 0 0 0 0])
  ("jQuery" .
   [0 0 0 1 0 0])
  ("message" .
   [0 0 0 0 0 0 1])
  ("void" .
   [1 0 0 0])
  ("zhushiutfx" .
   [0 0 0 0 0 0 0 1 0 0])
  ("memset" .
   [1 0 0 0 0 0])
  ("google" .
   [1 0 0 0 0 0])
  ("HAVE_LIB_GFLAGS" .
   [0 0 0 0 1 0 0 0 0 0 0 0 0 0 0])
  ("256" .
   [1 0 0])
  ("fopen" .
   [1 0 0 0 0])
  ("outputstr" .
   [0 0 0 2 0 0 0 0 0])
  ("iconv" .
   [0 0 0 0 1])
  ("409600" .
   [1 0 0 0 0 0])
  ("40960" .
   [1 0 0 0 0])
  ("m_tmpSplitStr" .
   [0 0 0 0 0 0 1 0 0 0 0 0 0])
  ("utf" .
   [1 0 0])
  ("ppp" .
   [3 0 0])
  ("size_t" .
   [1 0 0 0 1 0])
  ("iconvt" .
   [1 0 1 0 0 0])
  ("malloc" .
   [2 0 0 0 0 0])
  ("splitStr" .
   [0 0 0 0 0 0 0 1])
  ("tcStr" .
   [1 0 0 0 0])
  ("this" .
   [4 0 0 0])
  ("wchar_t" .
   [1 0 0 0 0 0 0])
  ("TCHAR" .
   [3 0 0 0 1])
  ("read" .
   [1 0 0 0])
  ("reader" .
   [4 0 0 0 0 0])
  ("ChineseTokenizer" .
   [0 0 0 0 0 0 0 0 1 0 0 0 0 0 0 1])
  ("ChineseAnalyzer" .
   [0 0 0 0 0 0 0 0 0 0 0 0 0 0 1])
  ("std" .
   [3 0 0])
  ("docid" .
   [3 0 0 0 0])
  ("$port" .
   [2 0 0 0 0])
  ("$securel" .
   [1 0 0 0 0 0 0 0])
  ("$port1" .
   [1 0 0 0 0 0])
  ("top" .
   [2 0 0])
  ("str_replace" .
   [0 0 0 0 0 1 0 0 0 0 0])
  ("sohu" .
   [2 0 0 0])
  ("gaogongservice3" .
   [1 0 0 0 0 0 0 0 0 0 0 0 0 0 0])
  ("tom" .
   [4 0 0])
  ("email" .
   [6 0 0 0 0])
  ("data" .
   [1 0 0 0])
  ("popToLast" .
   [1 0 0 0 0 0 0 0 0])
  ("$object" .
   [2 0 0 0 0 0 0])
  ("$data" .
   [2 0 0 0 0])
  ("push_front" .
   [2 0 0 0 0 0 0 0 0 0])
  ("/local/ck/phpshell/sendmail.php" .
   [0 0 0 0 0 0 1 0 0 0 0 0 0 0 0 0 0 0 0 0 0 0 0 0 0 0 0 0 0 0 0])
  ("werwr" .
   [1 0 0 0 0])
  ("swer" .
   [1 0 0 0])
  ("2048" .
   [1 0 0 0])
  ("$results" .
   [2 0 0 0 0 0 0 0])
  ("$results1" .
   [3 0 0 0 0 0 0 0 0])
  ("$result" .
   [1 0 0 0 0 0 0])
  ("false" .
   [7 0 0 0 0])
  ("sockInit" .
   [1 0 0 0 0 0 0 0])
  ("socket_create" .
   [0 0 0 0 0 0 0 0 0 1 0 0 0])
  ("the" .
   [1 0 0])
  ("hello" .
   [1 0 0 0 0])
  ("service" .
   [0 0 0 1 0 0 0])
  ("sss" .
   [3 0 0])
  ("$srcemail" .
   [0 0 0 0 0 1 0 0 0])
  ("config" .
   [1 0 0 0 0 0])
  ("$line" .
   [3 0 0 0 0])
  ("strpos" .
   [3 0 0 0 0 0])
  ("substr" .
   [2 0 0 0 0 0])
  ("end" .
   [1 0 0])
  ("distEmailAddrArr" .
   [1 0 0 0 0 0 0 0 0 0 0 0 0 0 0 0])
  ("$smtp" .
   [0 0 0 1 1])
  ("echo" .
   [8 0 0 0])
  ("else" .
   [1 0 0 1])
  ("sleep" .
   [3 0 0 0 0])
  ("while" .
   [2 0 0 0 0])
  ("unset" .
   [1 0 0 0 0])
  ("time" .
   [2 0 0 0])
  ("$arg" .
   [5 0 0 0])
  ("continue" .
   [2 0 0 0 0 0 0 0])
  ("$mail" .
   [6 0 0 0 1])
  ("empty" .
   [4 0 0 0 0])
  ("$key" .
   [6 0 0 0])
  ("foreach" .
   [0 0 0 1 0 0 0])
  ("count" .
   [4 0 0 0 0])
  ("for" .
   [3 0 0])
  ("$processerCount" .
   [0 0 0 0 0 0 1 0 0 0 0 0 0 0 0])
  ("$addr" .
   [3 0 0 0 0])
  ("$tmp" .
   [5 0 0 0])
  ("c++" .
   [2 0 0])
  ("msg" .
   [1 0 0])
  ("loadConf" .
   [0 0 0 0 0 0 0 1])
  ("DEFINEFUN" .
   [0 0 1 0 0 0 0 0 0])
  ("define" .
   [2 0 0 0 0 2])
  ("LogInterfase" .
   [1 0 0 0 0 0 0 0 0 0 0 0])
  ("namespace" .
   [0 0 0 0 2 0 0 0 0])
  ("using" .
   [0 0 1 1 0])
  ("__SYSLOG_HPP" .
   [0 0 1 0 0 0 0 0 0 0 0 0])
  ("outLog" .
   [0 0 0 1 0 0])
  ("bool" .
   [4 0 0 0])
  ("endl" .
   [1 0 0 0])
  ("cout" .
   [6 0 0 0])
  ("new" .
   [3 0 0])
  ("m_t" .
   [3 0 1])
  ("private" .
   [1 0 0 2 1 1 2])
  ("tmp" .
   [3 0 0])
  ("logf" .
   [1 0 0 1])
  ("tmpStr" .
   [0 0 0 1 0 0])
  ("const" .
   [9 0 0 0 2])
  ("template" .
   [0 0 0 0 0 0 0 1])
  ("class" .
   [1 0 0 0 0])
  ("str" .
   [8 0 0])
  ("search" .
   [3 0 0 0 0 8])
  ("~/.emacs.d" .
   [0 0 0 0 0 0 0 0 0 1])
  ("include" .
   [4 0 0 0 0 0 1])
  ("iostream" .
   [1 0 0 1 0 0 0 0])
  ("int" .
   [11 0 0])
  ("main" .
   [0 0 0 1])
  ("char" .
   [17 0 0 1])
  ("argv" .
   [1 0 0 0])
  ("return" .
   [10 0 0 2 0 1])
  ("printf" .
   [1 0 0 0 0 1])
  ("args" .
   [1 0 0 1])
  ("true" .
   [9 0 1 0])
  ("DEBUG" .
   [0 0 0 0 1])
  ("filePath" .
   [1 0 0 0 0 0 0 1])
  ("1024" .
   [1 0 0 0])
  ("strncpy" .
   [1 0 0 0 0 0 0])
  ("m_sFileName" .
   [0 0 0 0 1 0 0 0 0 0 0])
  ("cerr" .
   [1 0 0 0])
  ("pterr" .
   [1 0 0 0 0])
  ("errno" .
   [1 0 0 0 0])
  ("endif" .
   [0 0 0 0 1])
  ("php" .
   [2 0 1])
  ("include_once" .
   [0 0 0 0 0 0 0 1 0 0 0 0])
  ("PhpSmtp" .
   [0 0 0 0 0 0 1])
  ("$_GLOBAL_IPADDR" .
   [0 0 0 2 0 0 0 0 0 0 1 0 0 0 0])
  ("var_dump" .
   [1 0 0 14 0 0 0 11])
  ("die" .
   [34 0 1])
  ("$count" .
   [4 0 0 0 0 0])
  ("$i" .
   [18 0])
  ("$ii" .
   [1 0 0])
  ("function" .
   [10 0 0 1 1 2 0 0])
  ("fork" .
   [1 0 0 0])
  ("$this" .
   [10 0 0 1 0])
  ("break" .
   [2 0 0 0 0])
  ("public" .
   [1 0 0 2 1 1])
  ("__construct" .
   [0 0 1 0 0 0 0 0 0 0 0])
  ("$content" .
   [0 0 0 0 2 0 0 2])
  ("$EmailAddrArr" .
   [0 0 1 0 0 0 0 0 0 0 0 0 0])
  ("$num" .
   [2 0 0 1])
  ("global" .
   [0 0 0 0 0 1])
  ("fwrite" .
   [0 0 1 1 0 0])
  ("$str" .
   [4 0 0 0])
  ("err" .
   [1 0 0])
  ("outbug" .
   [0 0 1 0 0 0])
  ("fclose" .
   [2 0 0 0 0 0])
  ("$bindip" .
   [5 0 0 0 0 1 1])
  ("var" .
   [1 0 0])
  ("bindip" .
   [1 0 0 0 0 0])
  ("get_lines" .
   [0 0 0 1 0 0 0 0 0])
  ("socket_write" .
   [0 0 0 0 0 0 0 0 1 0 0 16])
  ("strlen" .
   [8 0 0 0 3 6])
  ("fputs" .
   [1 0 0 0 0])
  ("gaogongservice12" .
   [1 0 0 0 0 0 0 0 0 0 0 0 0 0 0 0])
  ("232" .
   [2 0 0])
  ("smtp" .
   [1 0 0 0])
  ("sina" .
   [1 0 0 0])
  ("connection" .
   [1 0 0 0 0 0 0 0 0 0])
  ("233" .
   [1 0 0])
  ("ssl" .
   [1 0 0])
  ("struct" .
   [0 0 0 0 1 0])
  ("DocTermVector" .
   [0 0 0 0 1 0 0 0 0 0 0 0 0])
  ("if" .
   [4 0])
  ("term" .
   [5 0 0 0])
  ("NULL" .
   [5 0 0 0])
  ("terms1" .
   [1 0 0 0 0 0])
  ("try" .
   [3 0 0])
  ("catch" .
   [1 0 0 0 0])
  ("index" .
   [1 0 0 0 0])
  ("QueryParser" .
   [0 0 0 0 0 1 0 0 0 0 0])
  ("static" .
   [1 0 0 0 0 0])
  ("STORE_NO" .
   [1 0 0 0 0 0 0 0])
  ("STORE_YES" .
   [0 0 0 0 0 0 1 0 0])
  ("php5" .
   [0 0 0 1])
  ("ptr" .
   [0 0 1])
  ("b491" .
   [1 0 0 0])
  ("alert" .
   [3 0 0 0 0])
  ("print" .
   [1 0 0 0 0])
  ("</div>" .
   [0 0 0 1 0 0])
  ("linum-mode" .
   [1 0 0 0 0 0 0 0 0 0])))
